0.0134527
0.0272743
0.0414507
0.0559668
0.0708066
0.0859531
0.101388
0.117093
0.133049
0.149235
0.165629
0.182211
0.198957
0.215845
0.23285
0.24995
0.267119
0.284332
0.301564
0.31879
0.335984
0.35312
0.370173
0.387115
0.403923
0.420569
0.437027
0.453273
0.469281
0.485027
0.500484
0.51563
0.530439
0.544889
0.558957
0.57262
0.585857
0.598645
0.610964
0.622795
0.634117
0.644911
0.65516
0.664846
0.673952
0.682462
0.690361
0.697634
0.704266
0.710245
0.715557
0.720191
0.724135
0.727379
0.729912
0.731724
0.732807
0.733152
0.732751
0.731596
0.729681
0.726998
0.723542
0.719306
0.714284
0.708472
0.701864
0.694455
0.686241
0.677215
0.667374
0.656714
0.645228
0.632913
0.619764
0.605775
0.590941
0.575257
0.558718
0.541316
0.523047
0.503903
0.483878
0.462963
0.441152
0.418437
0.394808
0.370258
0.344775
0.318352
0.290978
0.262642
0.233334
0.203043
0.171757
0.139464
0.106154
0.0718148
0.0364339

